01 12 01 010
04 06 01 010
09 23 01 010
00 17 01 010
08 03 01 010
05 11 01 010
02 24 01 010
07 19 01 010
01 05 01 010
03 20 01 010
04 02 01 010
00 22 01 010
02 10 01 010
09 18 01 010
06 14 01 010
07 01 01 010
08 21 01 010
03 07 01 010
05 09 01 010
01 23 01 010
09 16 01 010
00 08 01 010
02 15 01 010
06 04 01 010
04 20 01 010
08 12 01 010
07 13 01 010
03 06 01 010
01 11 01 010
06 01 01 010
05 18 01 010
04 24 01 010
00 10 01 010
09 22 01 010
02 13 01 010
07 17 01 010
03 04 01 010
08 19 01 010
05 14 01 010
01 02 01 010
04 21 01 010
09 09 01 010
02 04 01 010
00 16 01 010
06 23 01 010
07 02 01 010
03 18 01 010
08 17 01 010
01 08 01 010
09 05 01 010
00 24 01 010
05 12 01 010
02 19 01 010
06 05 01 010
04 14 01 010
03 22 01 010
07 08 01 010
09 00 01 010
01 20 01 010
05 23 01 010
06 18 01 010
02 11 01 010
08 09 01 010
04 17 01 010
f