03 11 01 005
08 23 01 005
02 18 01 005
07 05 01 005
01 22 01 005
09 09 01 005
04 16 01 005
06 03 01 005
00 12 01 005
05 14 01 005
02 19 01 005
08 06 01 005
01 20 01 005
04 07 01 005
03 15 01 005
07 21 01 005
05 08 01 005
09 01 01 005
00 04 01 005
06 17 01 005
02 23 01 005
08 02 01 005
01 16 01 005
03 10 01 005
04 09 01 005
07 24 01 005
05 13 01 005
02 08 01 005
00 21 01 005
09 18 01 005
06 12 01 005
01 14 01 005
04 05 01 005
08 20 01 005
03 22 01 005
05 10 01 005
02 03 01 005
07 17 01 005
09 04 01 005
00 19 01 005
06 09 01 005
01 11 01 005
03 07 01 005
04 18 01 005
08 13 01 005
02 21 01 005
05 06 01 005
09 12 01 005
00 08 01 005
07 04 01 005
06 15 01 005
02 17 01 005
01 23 01 005
04 03 01 005
08 14 01 005
03 19 01 005
09 10 01 005
05 22 01 005
00 16 01 005
06 11 01 005
02 05 01 005
01 07 01 005
09 21 01 005
04 24 01 005
03 01 01 005
08 16 01 005
07 11 01 005
02 20 01 005
00 02 01 005
09 03 01 005
06 08 01 005
04 22 01 005
03 06 01 005
05 15 01 005
08 05 01 005
02 13 01 005
01 19 01 005
07 10 01 005
09 14 01 005
04 01 01 005
06 18 01 005
00 05 01 005
03 17 01 005
08 11 01 005
02 09 01 005
01 21 01 005
07 02 01 005
05 07 01 005
06 20 01 005
09 23 01 005
04 17 01 005
03 12 01 005
02 22 01 005
00 10 01 005
08 07 01 005
06 13 01 005
01 18 01 005
03 02 01 005
09 16 01 005
05 20 01 005
04 14 01 005
08 09 01 005
02 06 01 005
07 19 01 005
09 05 01 005
06 04 01 005
00 11 01 005
03 08 01 005
01 24 01 005
09 22 01 005
05 03 01 005
02 14 01 005
08 10 01 005
06 02 01 005
01 13 01 005
07 06 01 005
03 20 01 005
09 19 01 005
05 17 01 005
04 08 01 005
02 01 01 005
06 24 01 005
00 23 01 005
03 04 01 005
08 12 01 005
01 09 01 005
09 07 01 005
04 20 01 005
f