07 20 01 000010
02 14 01 000010
05 08 01 000010
00 02 01 000010
08 23 01 000300
03 17 01 000010
06 11 01 000010
01 05 01 000010
04 19 01 000010
09 20 01 000300
05 21 01 000010
00 22 01 000010
08 23 01 000010
03 24 01 000010
06 01 01 000300
01 02 01 000010
04 03 01 000010
09 04 01 000010
02 05 01 000010
05 06 01 000300
00 07 01 000010
08 08 01 000010
03 09 01 000010
06 10 01 000010
01 11 01 000300
04 12 01 000010
09 20 01 000010
02 14 01 000010
05 08 01 000010
00 02 01 000300
08 19 01 000010
03 13 01 000010
06 07 01 000010
04 01 01 000010
09 24 01 000300
02 18 01 000010
05 12 01 000010
00 06 01 000010
08 22 01 000010
03 16 01 000300
06 10 01 000010
01 04 01 000010
04 13 01 000010
09 14 01 000010
02 15 01 000300
05 16 01 000010
00 17 01 000010
08 18 01 000010
03 21 01 000010
06 15 01 000300
01 09 01 000010
04 03 01 000010
09 22 01 000010
02 16 01 000010
05 10 01 000300
00 04 01 000010
08 23 01 000010
03 16 01 000010
06 09 01 000010
01 02 01 000300
04 19 01 000010
09 14 01 000010
02 09 01 000010
05 04 01 000010
00 24 01 000300
08 17 01 000010
03 10 01 000010
06 21 01 000010
01 16 01 000010
04 11 01 000300
09 06 01 000010
02 20 01 000010
05 15 01 000010
00 10 01 000010
08 05 01 000300
07 20 01 000010
02 14 01 000010
05 08 01 000010
00 02 01 000010
08 23 01 000300
03 17 01 000010
06 11 01 000010
01 05 01 000010
04 19 01 000010
09 20 01 000300
05 21 01 000010
00 22 01 000010
08 23 01 000010
03 24 01 000010
06 01 01 000300
01 02 01 000010
04 03 01 000010
09 04 01 000010
02 05 01 000010
05 06 01 000300
00 07 01 000010
08 08 01 000010
03 09 01 000010
06 10 01 000010
01 11 01 000300
04 12 01 000010
09 20 01 000010
02 14 01 000010
05 08 01 000010
00 02 01 000300
08 19 01 000010
03 13 01 000010
06 07 01 000010
04 01 01 000010
09 24 01 000300
02 18 01 000010
05 12 01 000010
00 06 01 000010
08 22 01 000010
03 16 01 000300
06 10 01 000010
01 04 01 000010
04 13 01 000010
09 14 01 000010
02 15 01 000300
05 16 01 000010
00 17 01 000010
08 18 01 000010
03 21 01 000010
06 15 01 000300
01 09 01 000010
04 03 01 000010
09 22 01 000010
02 16 01 000010
05 10 01 000300
00 04 01 000010
08 23 01 000010
03 16 01 000010
06 09 01 000010
01 02 01 000300
05 21 01 000010
00 22 01 000010
08 23 01 000010
03 24 01 000010
06 01 01 000300
01 02 01 000010
04 03 01 000010
09 04 01 000010
02 05 01 000010
05 06 01 000300
09 06 01 000010
02 20 01 000010
05 15 01 000010
00 10 01 000010
08 05 01 000300
07 20 01 000010
02 14 01 000010
05 08 01 000010
00 02 01 000010
08 23 01 000300
07 20 01 000010
02 14 01 000010
05 08 01 000010
00 02 01 000010
08 23 01 000300
03 17 01 000010
06 11 01 000010
01 05 01 000010
04 19 01 000010
09 20 01 000300
06 10 01 000010
01 04 01 000010
04 13 01 000010
09 14 01 000010
02 15 01 000300
05 21 01 000010
00 22 01 000010
08 23 01 000010
03 24 01 000010
06 01 01 000300
01 02 01 000010
04 03 01 000010
09 04 01 000010
02 05 01 000010
05 06 01 000300
01 02 01 000010
04 03 01 000010
09 04 01 000010
02 05 01 000010
05 06 01 000300
00 07 01 000010
08 08 01 000010
03 09 01 000010
06 10 01 000010
01 11 01 000300
04 12 01 000010
09 20 01 000010
02 14 01 000010
05 08 01 000010
00 02 01 000300
01 02 01 000010
04 03 01 000010
09 04 01 000010
02 05 01 000010
05 06 01 000300
00 07 01 000010
08 08 01 000010
03 09 01 000010
06 10 01 000010
01 11 01 000300
02 18 01 000010
05 12 01 000010
00 06 01 000010
08 22 01 000010
03 16 01 000300
06 10 01 000010
01 04 01 000010
04 13 01 000010
09 14 01 000010
02 15 01 000300
04 19 01 000010
09 14 01 000010
02 09 01 000010
05 04 01 000010
00 24 01 000300
08 17 01 000010
03 10 01 000010
06 21 01 000010
01 16 01 000010
04 11 01 000300
09 06 01 000010
02 20 01 000010
05 15 01 000010
00 10 01 000010
08 05 01 000300
07 20 01 000010
02 14 01 000010
05 08 01 000010
00 02 01 000010
08 23 01 000300
03 17 01 000010
06 11 01 000010
01 05 01 000010
04 19 01 000010
09 20 01 000300
05 21 01 000010
00 22 01 000010
08 23 01 000010
03 24 01 000010
06 01 01 000300
01 02 01 000010
04 03 01 000010
09 04 01 000010
02 05 01 000010
05 06 01 000300
00 07 01 000010
08 08 01 000010
03 09 01 000010
06 10 01 000010
01 11 01 000300
04 12 01 000010
09 20 01 000010
02 14 01 000010
05 08 01 000010
00 02 01 000300
08 19 01 000010
03 13 01 000010
06 07 01 000010
04 01 01 000010
09 24 01 000300
02 18 01 000010
05 12 01 000010
00 06 01 000010
08 22 01 000010
03 16 01 000300
06 10 01 000010
01 04 01 000010
04 13 01 000010
09 14 01 000010
02 15 01 000300
05 16 01 000010
00 17 01 000010
08 18 01 000010
03 21 01 000010
06 15 01 000300
01 09 01 000010
04 03 01 000010
09 22 01 000010
02 16 01 000010
05 10 01 000300
00 04 01 000010
08 23 01 000010
03 16 01 000010
06 09 01 000010
01 02 01 000300
04 19 01 000010
09 14 01 000010
02 09 01 000010
05 04 01 000010
00 24 01 000300
08 17 01 000010
03 10 01 000010
06 21 01 000010
01 16 01 000010
04 11 01 000300
09 06 01 000010
02 20 01 000010
05 15 01 000010
00 10 01 000010
08 05 01 000300
07 20 01 000010
02 14 01 000010
05 08 01 000010
00 02 01 000010
08 23 01 000300
03 17 01 000010
06 11 01 000010
01 05 01 000010
04 19 01 000010
09 20 01 000300
05 21 01 000010
00 22 01 000010
08 23 01 000010
03 24 01 000010
06 01 01 000300
01 02 01 000010
04 03 01 000010
09 04 01 000010
02 05 01 000010
05 06 01 000300
00 07 01 000010
08 08 01 000010
03 09 01 000010
06 10 01 000010
01 11 01 000300
04 12 01 000010
09 20 01 000010
02 14 01 000010
05 08 01 000010
00 02 01 000300
08 19 01 000010
03 13 01 000010
06 07 01 000010
04 01 01 000010
09 24 01 000300
02 18 01 000010
05 12 01 000010
00 06 01 000010
08 22 01 000010
03 16 01 000300
06 10 01 000010
01 04 01 000010
04 13 01 000010
09 14 01 000010
02 15 01 000300
05 16 01 000010
00 17 01 000010
08 18 01 000010
03 21 01 000010
06 15 01 000300
01 09 01 000010
04 03 01 000010
09 22 01 000010
02 16 01 000010
05 10 01 000300
00 04 01 000010
08 23 01 000010
03 16 01 000010
06 09 01 000010
01 02 01 000300
05 21 01 000010
00 22 01 000010
08 23 01 000010
03 24 01 000010
06 01 01 000300
01 02 01 000010
04 03 01 000010
09 04 01 000010
02 05 01 000010
05 06 01 000300
09 06 01 000010
02 20 01 000010
05 15 01 000010
00 10 01 000010
08 05 01 000300
07 20 01 000010
02 14 01 000010
05 08 01 000010
00 02 01 000010
08 23 01 000300
07 20 01 000010
02 14 01 000010
05 08 01 000010
00 02 01 000010
08 23 01 000300
03 17 01 000010
06 11 01 000010
01 05 01 000010
04 19 01 000010
09 20 01 000300
06 10 01 000010
01 04 01 000010
04 13 01 000010
09 14 01 000010
02 15 01 000300
05 21 01 000010
00 22 01 000010
08 23 01 000010
03 24 01 000010
06 01 01 000300
01 02 01 000010
04 03 01 000010
09 04 01 000010
02 05 01 000010
05 06 01 000300
01 02 01 000010
04 03 01 000010
09 04 01 000010
02 05 01 000010
05 06 01 000300
00 07 01 000010
08 08 01 000010
03 09 01 000010
06 10 01 000010
01 11 01 000300
04 12 01 000010
09 20 01 000010
02 14 01 000010
05 08 01 000010
00 02 01 000300
01 02 01 000010
04 03 01 000010
09 04 01 000010
02 05 01 000010
05 06 01 000300
00 07 01 000010
08 08 01 000010
03 09 01 000010
06 10 01 000010
01 11 01 000300
02 18 01 000010
05 12 01 000010
00 06 01 000010
08 22 01 000010
03 16 01 000300
06 10 01 000010
01 04 01 000010
04 13 01 000010
09 14 01 000010
02 15 01 000300
04 19 01 000010
09 14 01 000010
02 09 01 000010
05 04 01 000010
00 24 01 000300
08 17 01 000010
03 10 01 000010
06 21 01 000010
01 16 01 000010
04 11 01 000300
09 06 01 000010
02 20 01 000010
05 15 01 000010
00 10 01 000010
08 05 01 000300
07 20 01 000010
02 14 01 000010
05 08 01 000010
00 02 01 000010
08 23 01 000300
03 17 01 000010
06 11 01 000010
01 05 01 000010
04 19 01 000010
09 20 01 000300
05 21 01 000010
00 22 01 000010
08 23 01 000010
03 24 01 000010
06 01 01 000300
01 02 01 000010
04 03 01 000010
09 04 01 000010
02 05 01 000010
05 06 01 000300
00 07 01 000010
08 08 01 000010
03 09 01 000010
06 10 01 000010
01 11 01 000300
04 12 01 000010
09 20 01 000010
02 14 01 000010
05 08 01 000010
00 02 01 000300
08 19 01 000010
03 13 01 000010
06 07 01 000010
04 01 01 000010
09 24 01 000300
02 18 01 000010
05 12 01 000010
00 06 01 000010
08 22 01 000010
03 16 01 000300
06 10 01 000010
01 04 01 000010
04 13 01 000010
09 14 01 000010
02 15 01 000300
05 16 01 000010
00 17 01 000010
08 18 01 000010
03 21 01 000010
06 15 01 000300
01 09 01 000010
04 03 01 000010
09 22 01 000010
02 16 01 000010
05 10 01 000300
00 04 01 000010
08 23 01 000010
03 16 01 000010
06 09 01 000010
01 02 01 000300
04 19 01 000010
09 14 01 000010
02 09 01 000010
05 04 01 000010
00 24 01 000300
08 17 01 000010
03 10 01 000010
06 21 01 000010
01 16 01 000010
04 11 01 000300
09 06 01 000010
02 20 01 000010
05 15 01 000010
00 10 01 000010
08 05 01 000300
07 20 01 000010
02 14 01 000010
05 08 01 000010
00 02 01 000010
08 23 01 000300
03 17 01 000010
06 11 01 000010
01 05 01 000010
04 19 01 000010
09 20 01 000300
05 21 01 000010
00 22 01 000010
08 23 01 000010
03 24 01 000010
06 01 01 000300
01 02 01 000010
04 03 01 000010
09 04 01 000010
02 05 01 000010
05 06 01 000300
00 07 01 000010
08 08 01 000010
03 09 01 000010
06 10 01 000010
01 11 01 000300
04 12 01 000010
09 20 01 000010
02 14 01 000010
05 08 01 000010
00 02 01 000300
08 19 01 000010
03 13 01 000010
06 07 01 000010
04 01 01 000010
09 24 01 000300
02 18 01 000010
05 12 01 000010
00 06 01 000010
08 22 01 000010
03 16 01 000300
06 10 01 000010
01 04 01 000010
04 13 01 000010
09 14 01 000010
02 15 01 000300
05 16 01 000010
00 17 01 000010
08 18 01 000010
03 21 01 000010
06 15 01 000300
01 09 01 000010
04 03 01 000010
09 22 01 000010
02 16 01 000010
05 10 01 000300
00 04 01 000010
08 23 01 000010
03 16 01 000010
06 09 01 000010
01 02 01 000300
05 21 01 000010
00 22 01 000010
08 23 01 000010
03 24 01 000010
06 01 01 000300
01 02 01 000010
04 03 01 000010
09 04 01 000010
02 05 01 000010
05 06 01 000300
09 06 01 000010
02 20 01 000010
05 15 01 000010
00 10 01 000010
08 05 01 000300
07 20 01 000010
02 14 01 000010
05 08 01 000010
00 02 01 000010
08 23 01 000300
07 20 01 000010
02 14 01 000010
05 08 01 000010
00 02 01 000010
08 23 01 000300
03 17 01 000010
06 11 01 000010
01 05 01 000010
04 19 01 000010
09 20 01 000300
06 10 01 000010
01 04 01 000010
04 13 01 000010
09 14 01 000010
02 15 01 000300
05 21 01 000010
00 22 01 000010
08 23 01 000010
03 24 01 000010
06 01 01 000300
01 02 01 000010
04 03 01 000010
09 04 01 000010
02 05 01 000010
05 06 01 000300
01 02 01 000010
04 03 01 000010
09 04 01 000010
02 05 01 000010
05 06 01 000300
00 07 01 000010
08 08 01 000010
03 09 01 000010
06 10 01 000010
01 11 01 000300
04 12 01 000010
09 20 01 000010
02 14 01 000010
05 08 01 000010
00 02 01 000300
01 02 01 000010
04 03 01 000010
09 04 01 000010
02 05 01 000010
05 06 01 000300
00 07 01 000010
08 08 01 000010
03 09 01 000010
06 10 01 000010
01 11 01 000300
02 18 01 000010
05 12 01 000010
00 06 01 000010
08 22 01 000010
03 16 01 000300
06 10 01 000010
01 04 01 000010
04 13 01 000010
09 14 01 000010
02 15 01 000300
04 19 01 000010
09 14 01 000010
02 09 01 000010
05 04 01 000010
00 24 01 000300
08 17 01 000010
03 10 01 000010
06 21 01 000010
01 16 01 000010
04 11 01 000300
09 06 01 000010
02 20 01 000010
05 15 01 000010
00 10 01 000010
08 05 01 000300
f