07 14 01 005
02 22 01 005
09 03 01 005
04 18 01 005
00 07 01 005
06 12 01 005
03 25 01 005
08 08 01 005
01 16 01 005
05 01 01 005
07 20 01 005
02 09 01 005
09 15 01 005
04 04 01 005
00 23 01 005
06 10 01 005
03 19 01 005
08 06 01 005
01 13 01 005
05 24 01 005
07 02 01 005
02 17 01 005
09 05 01 005
04 21 01 005
00 11 01 005
06 00 01 005
03 14 01 005
08 20 01 005
01 07 01 005
05 18 01 005
07 23 01 005
02 03 01 005
09 12 01 005
04 25 01 005
00 08 01 005
06 16 01 005
03 05 01 005
08 19 01 005
01 10 01 005
05 04 01 005
07 17 01 005
02 22 01 005
09 06 01 005
04 13 01 005
00 01 01 005
06 18 01 005
03 09 01 005
08 24 01 005
01 15 01 005
05 00 01 005
07 21 01 005
02 10 01 005
09 04 01 005
04 19 01 005
00 07 01 005
06 12 01 005
03 25 01 005
08 08 01 005
01 16 01 005
05 01 01 005
07 20 01 005
02 09 01 005
09 15 01 005
04 04 01 005
00 23 01 005
06 10 01 005
03 19 01 005
08 06 01 005
01 13 01 005
05 24 01 005
07 02 01 005
02 17 01 005
09 05 01 005
04 21 01 005
00 11 01 005
06 00 01 005
03 14 01 005
08 20 01 005
01 07 01 005
05 18 01 005
07 23 01 005
02 03 01 005
09 12 01 005
04 25 01 005
00 08 01 005
06 16 01 005
03 05 01 005
08 19 01 005
01 10 01 005
05 04 01 005
07 17 01 005
02 22 01 005
09 06 01 005
04 13 01 005
00 01 01 005
06 18 01 005
03 09 01 005
08 24 01 005
01 15 01 005
05 00 01 005
07 21 01 005
02 10 01 005
09 04 01 005
04 19 01 005
00 07 01 005
06 12 01 005
03 25 01 005
08 08 01 005
01 16 01 005
05 01 01 005
07 20 01 005
02 09 01 005
09 15 01 005
04 04 01 005
00 23 01 005
06 10 01 005
03 19 01 005
08 06 01 005
01 13 01 005
05 24 01 005
07 02 01 005
02 17 01 005
09 05 01 005
04 21 01 005
00 11 01 005
06 00 01 005
03 14 01 005
08 20 01 005
01 07 01 005
05 18 01 005
07 23 01 005
02 03 01 005
09 12 01 005
04 25 01 005
00 08 01 005
06 16 01 005
03 05 01 005
08 19 01 005
01 10 01 005
05 04 01 005
07 17 01 005
02 22 01 005
09 06 01 005
04 13 01 005
00 01 01 005
06 18 01 005
03 09 01 005
08 24 01 005
01 15 01 005
05 00 01 005
07 21 01 005
02 10 01 005
09 04 01 005
04 19 01 005
00 07 01 005
06 12 01 005
03 25 01 005
08 08 01 005
01 16 01 005
05 01 01 005
07 20 01 005
02 09 01 005
09 15 01 005
04 04 01 005
00 23 01 005
06 10 01 005
03 19 01 005
08 06 01 005
01 13 01 005
05 24 01 005
07 02 01 005
02 17 01 005
09 05 01 005
04 21 01 005
00 11 01 005
06 00 01 005
03 14 01 005
08 20 01 005
01 07 01 005
05 18 01 005
07 23 01 005
02 03 01 005
09 12 01 005
04 25 01 005
00 08 01 005
06 16 01 005
03 05 01 005
08 19 01 005
01 10 01 005
05 04 01 005
07 17 01 005
02 22 01 005
09 06 01 005
04 13 01 005
00 01 01 005
06 18 01 005
03 09 01 005
08 24 01 005
01 15 01 005
05 00 01 005
07 21 01 005
02 10 01 005
09 04 01 005
04 19 01 005
00 07 01 005
06 12 01 005
03 25 01 005
08 08 01 005
01 16 01 005
05 01 01 005
07 20 01 005
02 09 01 005
09 15 01 005
04 04 01 005
00 23 01 005
06 10 01 005
03 19 01 005
08 06 01 005
01 13 01 005
05 24 01 005
07 02 01 005
02 17 01 005
09 05 01 005
04 21 01 005
00 11 01 005
06 00 01 005
03 14 01 005
08 20 01 005
01 07 01 005
05 18 01 005
07 23 01 005
02 03 01 005
09 12 01 005
04 25 01 005
00 08 01 005
06 16 01 005
03 05 01 005
08 19 01 005
01 10 01 005
05 04 01 005
07 17 01 005
02 22 01 005
09 06 01 005
04 13 01 005
00 01 01 005
06 18 01 005
03 09 01 005
08 24 01 005
01 15 01 005
05 00 01 005
07 21 01 005
02 10 01 005
09 04 01 005
04 19 01 005
00 07 01 005
06 12 01 005
03 25 01 005
08 08 01 005
01 16 01 005
05 01 01 005
07 20 01 005
02 09 01 005
09 15 01 005
04 04 01 005
00 23 01 005
06 10 01 005
03 19 01 005
08 06 01 005
01 13 01 005
05 24 01 005
07 02 01 005
02 17 01 005
09 05 01 005
04 21 01 005
00 11 01 005
06 00 01 005
03 14 01 005
08 20 01 005
01 07 01 005
05 18 01 005
07 23 01 005
02 03 01 005
09 12 01 005
04 25 01 005
00 08 01 005
06 16 01 005
03 05 01 005
08 19 01 005
01 10 01 005
05 04 01 005
07 17 01 005
f