03 17 01 000650
08 19 01 000650
05 02 01 000650
01 21 01 000650
07 14 01 000650
09 08 01 000650
02 23 01 000650
06 11 01 000650
04 16 01 000650
00 05 01 000650
08 20 01 000650
05 13 01 000650
02 18 01 000650
07 09 01 000650
01 22 01 000650
06 15 01 000650
03 07 01 000650
09 22 01 000650
04 10 01 000650
00 12 01 000650
07 19 01 000650
02 06 01 000650
08 21 01 000650
05 14 01 000650
01 08 01 000650
06 22 01 000650
03 16 01 000650
09 11 01 000650
04 23 01 000650
00 07 01 000650
07 18 01 000650
02 12 01 000650
08 20 01 000650
05 15 01 000650
01 09 01 000650
06 21 01 000650
03 17 01 000650
09 10 01 000650
04 22 01 000650
00 06 01 000650
07 13 01 000650
02 19 01 000650
08 16 01 000650
05 07 01 000650
01 22 01 000650
06 14 01 000650
03 08 01 000650
09 23 01 000650
04 11 01 000650
00 17 01 000650
07 12 01 000650
02 18 01 000650
08 21 01 000650
05 16 01 000650
01 07 01 000650
06 22 01 000650
03 19 01 000650
09 14 01 000650
04 20 01 000650
00 10 01 000650
07 17 01 000650
02 13 01 000650
08 18 01 000650
05 09 01 000650
01 23 01 000650
06 15 01 000650
03 06 01 000650
09 22 01 000650
04 12 01 000650
00 19 01 000650
07 14 01 000650
02 17 01 000650
08 20 01 000650
05 13 01 000650
01 08 01 000650
06 21 01 000650
03 16 01 000650
09 11 01 000650
04 23 01 000650
00 07 01 000650
07 19 01 000650
02 12 01 000650
08 21 01 000650
05 15 01 000650
01 09 01 000650
06 22 01 000650
03 17 01 000650
09 10 01 000650
04 22 01 000650
00 06 01 000650
07 13 01 000650
02 19 01 000650
08 16 01 000650
05 07 01 000650
01 22 01 000650
06 14 01 000650
03 08 01 000650
09 23 01 000650
04 11 01 000650
00 17 01 000650
f