02 13 01 000648
09 07 01 000648
05 21 01 000648
00 19 01 000648
07 03 01 000649
01 11 01 000648
08 23 01 000648
04 09 01 000648
06 16 01 000648
03 00 01 000649
00 23 01 000648
09 12 01 000648
02 20 01 000648
05 06 01 000648
08 14 01 000649
01 02 01 000648
04 23 01 000648
07 10 01 000648
03 18 01 000648
06 05 01 000649
00 15 01 000648
09 01 01 000648
02 22 01 000648
05 08 01 000648
08 17 01 000649
01 04 01 000648
04 13 01 000648
07 21 01 000648
03 07 01 000648
06 19 01 000649
00 03 01 000648
09 11 01 000648
02 23 01 000648
05 09 01 000648
08 16 01 000649
01 00 01 000648
04 23 01 000648
07 12 01 000648
03 20 01 000648
06 06 01 000649
00 14 01 000648
09 02 01 000648
02 23 01 000648
05 10 01 000648
08 18 01 000649
01 05 01 000648
04 15 01 000648
07 22 01 000648
03 08 01 000648
06 17 01 000649
00 04 01 000648
09 13 01 000648
02 21 01 000648
05 07 01 000648
08 19 01 000649
01 03 01 000648
04 11 01 000648
07 23 01 000648
03 09 01 000648
06 16 01 000649
00 00 01 000648
09 23 01 000648
02 12 01 000648
05 20 01 000648
08 06 01 000649
01 14 01 000648
04 02 01 000648
07 23 01 000648
03 10 01 000648
06 18 01 000649
00 05 01 000648
09 15 01 000648
02 01 01 000648
05 22 01 000648
08 08 01 000649
01 17 01 000648
04 04 01 000648
07 13 01 000648
03 21 01 000648
06 07 01 000649
00 19 01 000648
09 03 01 000648
02 11 01 000648
05 23 01 000648
08 09 01 000649
01 16 01 000648
04 00 01 000648
07 23 01 000648
03 12 01 000648
06 20 01 000649
00 06 01 000648
09 14 01 000648
02 02 01 000648
05 23 01 000648
08 10 01 000649
01 18 01 000648
04 05 01 000648
07 15 01 000648
03 22 01 000648
06 08 01 000649
00 17 01 000648
09 04 01 000648
02 13 01 000648
05 21 01 000648
08 07 01 000649
01 19 01 000648
04 03 01 000648
07 11 01 000648
03 23 01 000648
06 09 01 000649
00 16 01 000648
09 00 01 000648
02 23 01 000648
05 12 01 000648
08 20 01 000649
01 06 01 000648
04 14 01 000648
07 02 01 000648
03 23 01 000648
06 10 01 000649
00 18 01 000648
09 05 01 000648
02 15 01 000648
05 01 01 000648
08 22 01 000649
01 08 01 000648
04 17 01 000648
07 04 01 000648
03 13 01 000648
06 21 01 000649
00 07 01 000648
09 19 01 000648
02 03 01 000648
05 11 01 000648
08 23 01 000649
01 09 01 000648
04 16 01 000648
07 00 01 000648
03 23 01 000648
06 12 01 000649
00 20 01 000648
09 06 01 000648
02 14 01 000648
05 02 01 000648
08 23 01 000649
f