07 14 01 000500
02 03 01 000500
05 22 01 000500
00 10 01 000500
08 07 01 000500
03 19 01 000500
06 01 01 000500
01 20 01 000500
04 12 01 000500
09 06 01 000500
02 17 01 000500
05 00 01 000500
00 23 01 000500
08 13 01 000500
03 08 01 000500
06 20 01 000500
01 11 01 000500
04 04 01 000500
09 23 01 000500
02 09 01 000500
05 16 01 000500
00 02 01 000500
08 21 01 000500
03 14 01 000500
06 07 01 000500
01 22 01 000500
04 10 01 000500
09 05 01 000500
02 18 01 000500
05 03 01 000500
00 20 01 000500
08 12 01 000500
03 06 01 000500
06 19 01 000500
04 20 01 000500
09 13 01 000500
02 08 01 000500
05 23 01 000500
00 16 01 000500
08 04 01 000500
03 11 01 000500
06 23 01 000500
01 14 01 000500
04 07 01 000500
09 22 01 000500
02 10 01 000500
05 05 01 000500
00 17 01 000500
08 02 01 000500
03 21 01 000500
06 12 01 000500
01 06 01 000500
04 19 01 000500
09 03 01 000500
02 20 01 000500
05 13 01 000500
00 08 01 000500
08 20 01 000500
03 16 01 000500
06 04 01 000500
01 23 01 000500
04 10 01 000500
09 07 01 000500
02 18 01 000500
05 01 01 000500
00 23 01 000250
08 12 01 000250
03 06 01 000250
06 19 01 000250
01 00 01 000250
04 20 01 000250
09 13 01 000250
02 08 01 000250
05 23 01 000250
00 16 01 000250
08 04 01 000250
03 11 01 000250
06 23 01 000250
01 14 01 000250
04 07 01 000250
09 22 01 000250
02 10 01 000250
05 05 01 000250
00 17 01 000250
08 02 01 000250
03 21 01 000250
06 12 01 000250
01 06 01 000250
04 19 01 000250
09 03 01 000250
02 20 01 000250
05 13 01 000250
00 08 01 000250
08 20 01 000250
03 16 01 000250
06 04 01 000250
01 23 01 000250
04 10 01 000250
09 07 01 000250
02 18 01 000250
05 01 01 000250
00 23 01 000250
08 12 01 000250
03 06 01 000250
06 19 01 000250
01 00 01 000250
04 20 01 000250
09 13 01 000250
02 08 01 000250
05 23 01 000250
00 16 01 000250
08 04 01 000250
03 11 01 000250
06 23 01 000250
01 14 01 000250
04 07 01 000250
09 22 01 000250
02 10 01 000250
05 05 01 000250
00 17 01 000250
08 02 01 000250
03 21 01 000250
06 12 01 000250
01 06 01 000250
04 19 01 000250
09 03 01 000250
02 20 01 000250
05 13 01 000250
00 08 01 000250
08 20 01 000250
03 16 01 000250
06 04 01 000250
01 23 01 000250
04 10 01 000250
09 07 01 000250
02 18 01 000250
05 01 01 000250
00 23 01 000250
08 12 01 000250
03 06 01 000250
06 19 01 000250
01 00 01 000250
04 20 01 000250
09 13 01 000250
02 08 01 000250
05 23 01 000250
00 16 01 000250
08 04 01 000250
03 11 01 000250
06 23 01 000250
01 14 01 000250
04 07 01 000250
09 22 01 000250
02 10 01 000250
05 05 01 000250
00 17 01 000250
08 02 01 000250
03 21 01 000250
06 12 01 000250
01 06 01 000250
04 19 01 000250
09 03 01 000250
02 20 01 000250
05 13 01 000250
00 08 01 000250
08 20 01 000500
03 16 01 000500
06 04 01 000500
01 23 01 000500
04 10 01 000500
09 07 01 000500
02 18 01 000500
05 01 01 000500
00 23 01 000500
08 12 01 000500
03 06 01 000500
06 19 01 000500
01 00 01 000500
04 20 01 000500
09 13 01 000500
02 08 01 000500
05 23 01 000500
00 16 01 000500
08 04 01 000500
03 11 01 000500
06 23 01 000500
01 14 01 000500
04 07 01 000500
09 22 01 000500
02 10 01 000500
05 05 01 000500
00 17 01 000500
08 02 01 000500
03 21 01 000500
06 12 01 000500
01 06 01 000500
04 19 01 000500
09 06 01 000500
02 17 01 000500
05 00 01 000500
00 23 01 000500
08 13 01 000500
03 08 01 000500
06 20 01 000500
01 11 01 000500
04 04 01 000500
09 23 01 000500
07 14 01 000500
02 03 01 000500
05 22 01 000500
00 10 01 000500
08 07 01 000500
03 19 01 000500
03 16 01 000500
06 04 01 000500
01 23 01 000500
04 10 01 000500
09 07 01 000500
02 18 01 000500
05 01 01 000500
00 23 01 000500
05 21 01 000500
00 16 01 000500
08 04 01 000500
03 11 01 000500
06 23 01 000500
01 14 01 000500
04 07 01 000500
09 01 01 000500
02 23 01 000500
f