07 14 01 000464
02 03 01 000464
05 22 01 000464
00 10 01 000464
08 07 01 000464
03 19 01 000464
07 01 01 000464
01 22 01 000464
04 12 01 000464
09 06 01 000464
02 17 01 000464
05 00 01 000464
00 22 01 000464
08 13 01 000464
03 08 01 000464
06 20 01 000464
01 11 01 000464
04 04 01 000464
09 23 01 000464
02 09 01 000464
05 16 01 000464
00 02 01 000464
08 21 01 000464
03 14 01 000464
06 07 01 000464
01 22 01 000464
04 10 01 000464
09 05 01 000464
02 18 01 000464
07 03 01 000464
00 22 01 000464
08 12 01 000464
03 06 01 000464
06 19 01 000464
04 20 01 000464
09 13 01 000232
02 08 01 000232
05 23 01 000232
00 16 01 000232
08 04 01 000234
03 11 01 000232
06 22 01 000232
01 14 01 000232
07 07 01 000232
09 22 01 000235
02 10 01 000232
05 05 01 000232
00 17 01 000232
08 02 01 000232
03 21 01 000234
06 12 01 000232
01 06 01 000232
04 19 01 000232
09 03 01 000232
07 22 01 000235
05 13 01 000232
00 08 01 000232
08 20 01 000232
03 16 01 000232
06 04 01 000234
01 23 01 000232
04 10 01 000232
09 07 01 000232
02 18 01 000232
05 01 01 000235
00 22 01 000232
08 12 01 000232
07 06 01 000232
06 19 01 000232
01 00 01 000234
04 20 01 000232
09 13 01 000232
02 08 01 000232
07 23 01 000232
00 16 01 000235
08 04 01 000232
03 11 01 000232
06 22 01 000232
01 14 01 000232
04 07 01 000234
09 22 01 000232
02 10 01 000232
05 05 01 000232
00 17 01 000232
08 02 01 000235
03 21 01 000232
06 12 01 000232
01 06 01 000232
04 19 01 000232
09 03 01 000234
02 22 01 000232
05 13 01 000232
00 08 01 000232
08 20 01 000232
03 16 01 000235
06 04 01 000232
01 23 01 000232
04 10 01 000232
09 07 01 000232
02 18 01 000234
05 01 01 000232
00 22 01 000232
08 12 01 000232
03 06 01 000232
06 19 01 000235
01 00 01 000232
04 20 01 000232
09 13 01 000232
02 08 01 000232
05 23 01 000234
07 16 01 000232
07 04 01 000232
03 11 01 000232
06 22 01 000232
01 14 01 000235
04 07 01 000232
09 22 01 000232
02 10 01 000232
05 05 01 000232
00 17 01 000234
08 02 01 000232
03 21 01 000232
06 12 01 000232
01 06 01 000232
07 19 01 000235
09 03 01 000232
02 22 01 000232
05 13 01 000232
00 08 01 000232
08 20 01 000234
03 16 01 000232
06 04 01 000232
01 23 01 000232
04 10 01 000232
09 07 01 000235
02 18 01 000232
05 01 01 000232
00 22 01 000232
07 12 01 000232
03 06 01 000234
07 19 01 000232
01 00 01 000232
04 20 01 000232
09 13 01 000232
02 08 01 000235
05 23 01 000232
00 16 01 000232
08 04 01 000232
03 11 01 000232
06 22 01 000234
01 14 01 000232
07 07 01 000232
09 22 01 000232
02 10 01 000232
05 05 01 000235
00 17 01 000232
08 02 01 000232
03 21 01 000232
07 12 01 000232
01 06 01 000234
04 19 01 000232
09 03 01 000232
02 22 01 000232
05 13 01 000232
00 08 01 000235
08 20 01 000464
03 16 01 000464
06 04 01 000464
01 23 01 000464
04 10 01 000464
09 07 01 000464
02 18 01 000464
05 01 01 000464
00 22 01 000464
08 12 01 000464
03 06 01 000464
06 19 01 000464
01 00 01 000464
04 20 01 000464
09 13 01 000464
02 08 01 000464
05 23 01 000464
00 16 01 000464
08 04 01 000464
03 11 01 000464
09 13 01 000232
02 08 01 000232
05 23 01 000232
00 16 01 000232
08 04 01 000234
07 11 01 000232
06 22 01 000232
01 14 01 000232
04 07 01 000232
09 22 01 000235
02 10 01 000232
05 05 01 000232
00 17 01 000232
08 02 01 000232
03 21 01 000234
06 12 01 000232
01 06 01 000232
04 19 01 000232
07 03 01 000232
02 22 01 000235
05 13 01 000232
00 08 01 000232
08 20 01 000232
03 16 01 000232
06 04 01 000234
01 23 01 000232
04 10 01 000232
09 07 01 000232
02 18 01 000232
05 01 01 000235
00 22 01 000232
07 12 01 000232
03 06 01 000232
06 19 01 000232
01 00 01 000234
04 20 01 000232
09 13 01 000232
02 08 01 000232
05 23 01 000232
00 16 01 000235
07 04 01 000232
03 11 01 000232
06 22 01 000232
01 14 01 000232
04 07 01 000234
09 22 01 000232
02 10 01 000232
05 05 01 000232
00 17 01 000232
08 02 01 000235
03 21 01 000232
06 12 01 000232
01 06 01 000232
04 19 01 000232
09 03 01 000234
02 22 01 000232
05 13 01 000232
00 08 01 000232
08 20 01 000232
07 16 01 000235
06 04 01 000232
01 23 01 000232
04 10 01 000232
09 07 01 000232
02 18 01 000234
05 01 01 000232
00 22 01 000232
08 12 01 000232
03 06 01 000232
06 19 01 000235
01 00 01 000232
04 20 01 000232
09 13 01 000232
02 08 01 000232
05 23 01 000234
00 16 01 000232
08 04 01 000232
03 11 01 000232
06 22 01 000232
01 14 01 000235
04 07 01 000232
09 22 01 000232
02 10 01 000232
05 05 01 000232
00 17 01 000234
08 02 01 000232
03 21 01 000232
06 12 01 000232
01 06 01 000232
04 19 01 000235
09 03 01 000232
02 22 01 000232
05 13 01 000232
00 08 01 000232
08 20 01 000234
03 16 01 000232
06 04 01 000232
01 23 01 000232
04 10 01 000232
09 07 01 000235
02 18 01 000232
05 01 01 000232
00 22 01 000232
08 12 01 000232
03 06 01 000234
06 19 01 000232
01 00 01 000232
04 20 01 000232
09 13 01 000232
02 08 01 000235
05 23 01 000232
00 16 01 000232
08 04 01 000232
03 11 01 000232
06 22 01 000234
01 14 01 000232
04 07 01 000232
09 22 01 000232
02 10 01 000232
05 05 01 000235
00 17 01 000232
08 02 01 000232
03 21 01 000232
06 12 01 000232
01 06 01 000234
04 19 01 000232
09 03 01 000232
02 22 01 000232
05 13 01 000232
00 08 01 000235
06 22 01 000464
01 14 01 000464
04 07 01 000464
09 22 01 000464
02 10 01 000464
05 05 01 000464
00 17 01 000464
08 02 01 000464
03 21 01 000464
06 12 01 000464
01 06 01 000464
04 19 01 000464
08 12 01 000464
03 06 01 000464
06 19 01 000464
01 00 01 000464
04 20 01 000464
09 13 01 000464
02 08 01 000464
05 23 01 000464
00 16 01 000464
03 21 01 000464
06 12 01 000464
01 06 01 000464
04 19 01 000464
09 03 01 000464
02 22 01 000464
05 13 01 000464
00 08 01 000464
08 20 01 000464
03 16 01 000464
02 18 01 000464
05 01 01 000464
00 22 01 000464
08 12 01 000464
03 06 01 000464
06 19 01 000464
01 00 01 000464
04 20 01 000464
09 13 01 000464
09 22 01 000464
02 10 01 000464
05 05 01 000464
00 17 01 000464
08 02 01 000464
03 21 01 000464
06 12 01 000464
01 06 01 000464
04 19 01 000464
09 03 01 000464
02 22 01 000464
06 22 01 000464
01 14 01 000464
04 07 01 000464
09 22 01 000464
02 10 01 000464
05 05 01 000464
00 17 01 000464
08 02 01 000464
03 21 01 000464
06 12 01 000464
01 06 01 000464
04 19 01 000464
09 03 01 000464
02 22 01 000464
05 13 01 000464
00 08 01 000464
08 20 01 000464
01 22 01 000464
04 12 01 000464
09 06 01 000464
02 17 01 000464
05 00 01 000464
00 22 01 000464
08 13 01 000464
03 08 01 000464
06 20 01 000464
01 11 01 000464
04 04 01 000464
09 23 01 000464
05 13 01 000464
00 08 01 000464
08 20 01 000464
03 16 01 000464
06 04 01 000464
01 23 01 000464
04 10 01 000464
09 07 01 000464
02 18 01 000464
05 01 01 000464
00 22 01 000464
08 12 01 000464
03 06 01 000464
06 19 01 000464
01 00 01 000464
04 20 01 000464
09 13 01 000464
02 08 01 000464
05 23 01 000464
00 16 01 000464
08 04 01 000464
03 11 01 000464
03 11 01 000464
06 22 01 000464
01 14 01 000464
04 07 01 000464
09 22 01 000464
02 10 01 000464
05 05 01 000464
00 17 01 000464
09 03 01 000464
02 22 01 000464
06 22 01 000464
08 21 01 000464
03 14 01 000464
06 07 01 000464
01 22 01 000464
04 10 01 000464
09 05 01 000464
07 21 01 000464
f