07 14 01 000466
02 03 01 000466
05 22 01 000466
00 10 01 000466
08 07 01 000466
03 19 01 000466
06 01 01 000466
01 22 01 000466
04 12 01 000466
09 06 01 000468
02 17 01 000466
05 00 01 000466
00 22 01 000466
08 13 01 000466
03 08 01 000466
06 20 01 000466
01 11 01 000466
04 04 01 000466
09 23 01 000466
02 09 01 000468
05 16 01 000466
00 02 01 000466
08 21 01 000466
03 14 01 000466
06 07 01 000466
01 22 01 000466
04 10 01 000466
09 05 01 000466
02 18 01 000466
05 03 01 000468
00 22 01 000466
08 12 01 000466
03 06 01 000466
06 19 01 000466
04 20 01 000466
09 13 01 000466
02 08 01 000466
05 23 01 000466
00 16 01 000466
08 04 01 000468
03 11 01 000466
06 22 01 000466
01 14 01 000466
04 07 01 000466
09 22 01 000466
02 10 01 000466
05 05 01 000466
00 17 01 000466
08 02 01 000466
03 21 01 000468
06 12 01 000466
01 06 01 000466
04 19 01 000466
09 03 01 000466
02 22 01 000466
05 13 01 000466
00 08 01 000466
08 20 01 000466
03 16 01 000466
06 04 01 000468
01 23 01 000466
04 10 01 000466
09 07 01 000466
02 18 01 000466
05 01 01 000466
00 22 01 000116
08 12 01 000117
03 06 01 000116
06 19 01 000117
01 00 01 000468
04 20 01 000466
09 13 01 000466
02 08 01 000466
05 23 01 000466
00 16 01 000466
08 04 01 000466
03 11 01 000466
06 22 01 000466
01 14 01 000466
04 07 01 000468
09 22 01 000466
02 10 01 000466
05 05 01 000466
00 17 01 000466
08 02 01 000466
03 21 01 000116
06 12 01 000117
01 06 01 000116
04 19 01 000117
09 03 01 000468
02 22 01 000466
05 13 01 000466
00 08 01 000466
08 20 01 000466
03 16 01 000466
06 04 01 000466
01 23 01 000466
04 10 01 000466
09 07 01 000466
02 18 01 000468
05 01 01 000466
00 22 01 000466
08 12 01 000466
03 06 01 000466
06 19 01 000466
01 00 01 000466
04 20 01 000466
09 13 01 000466
02 08 01 000466
05 23 01 000466
00 16 01 000466
08 04 01 000466
03 11 01 000466
06 22 01 000466
01 14 01 000466
04 07 01 000466
09 22 01 000466
02 10 01 000466
05 05 01 000466
00 17 01 000466
08 02 01 000466
03 21 01 000466
06 12 01 000466
01 06 01 000466
04 19 01 000466
09 03 01 000466
02 22 01 000466
05 13 01 000466
00 08 01 000466
08 20 01 000466
03 16 01 000466
06 04 01 000466
01 23 01 000466
04 10 01 000466
09 07 01 000466
02 18 01 000466
05 01 01 000466
00 22 01 000466
08 12 01 000466
03 06 01 000466
06 19 01 000466
01 00 01 000466
04 20 01 000466
09 13 01 000466
02 08 01 000466
05 23 01 000466
00 16 01 000466
08 04 01 000466
03 11 01 000466
06 22 01 000466
01 14 01 000466
04 07 01 000466
09 22 01 000466
02 10 01 000466
05 05 01 000466
00 17 01 000466
08 02 01 000466
03 21 01 000466
06 12 01 000466
01 06 01 000466
04 19 01 000466
09 03 01 000466
02 22 01 000466
05 13 01 000466
00 08 01 000466
08 20 01 000466
03 16 01 000466
06 04 01 000466
01 23 01 000466
04 10 01 000466
09 07 01 000116
02 18 01 000117
05 01 01 000116
00 22 01 000117
08 12 01 000466
03 06 01 000466
06 19 01 000466
01 00 01 000466
04 20 01 000466
09 13 01 000466
02 08 01 000466
05 23 01 000466
00 16 01 000466
08 04 01 000466
03 11 01 000466
06 22 01 000466
01 14 01 000466
04 07 01 000466
09 22 01 000466
02 10 01 000466
05 05 01 000116
00 17 01 000117
08 02 01 000116
03 21 01 000117
06 12 01 000466
01 06 01 000466
04 19 01 000466
01 09 01 000466
06 21 01 000466
03 17 01 000466
09 10 01 000466
04 22 01 000466
00 06 01 000466
07 13 01 000466
02 19 01 000466
08 16 01 000466
05 07 01 000466
01 22 01 000466
06 14 01 000466
03 08 01 000466
09 23 01 000116
04 11 01 000117
00 17 01 000116
07 12 01 000117
02 18 01 000466
08 21 01 000466
05 16 01 000466
01 07 01 000466
06 22 01 000466
03 19 01 000466
09 14 01 000466
04 20 01 000466
00 10 01 000466
07 17 01 000466
02 13 01 000466
08 18 01 000466
05 09 01 000466
01 23 01 000466
06 15 01 000466
03 06 01 000466
09 22 01 000116
04 12 01 000117
00 19 01 000116
07 14 01 000117
02 17 01 000466
08 20 01 000466
05 13 01 000466
01 08 01 000466
06 21 01 000466
03 16 01 000466
09 11 01 000466
04 23 01 000466
00 07 01 000466
07 19 01 000466
02 12 01 000466
08 21 01 000466
05 15 01 000466
01 09 01 000466
06 22 01 000466
03 17 01 000466
09 10 01 000466
04 22 01 000466
00 06 01 000466
07 13 01 000466
02 19 01 000466
08 16 01 000466
05 07 01 000466
01 22 01 000466
06 14 01 000466
03 08 01 000466
09 23 01 000466
04 11 01 000466
00 17 01 000466
04 10 01 000466
09 07 01 000466
02 18 01 000466
05 01 01 000466
00 23 01 000466
05 21 01 000466
00 16 01 000466
08 04 01 000466
03 11 01 000466
06 23 01 000466
01 14 01 000466
04 07 01 000466
09 01 01 000466
02 23 01 000466
04 10 01 000466
09 07 01 000466
02 18 01 000466
00 07 01 000466
05 21 01 000466
00 16 01 000466
08 04 01 000466
03 11 01 000466
06 23 01 000466
01 14 01 000466
04 07 01 000466
09 01 01 000466
02 23 01 000466
04 10 01 000466
09 07 01 000466
02 18 01 000466
03 07 01 000466
00 17 01 000466
07 12 01 000466
02 18 01 000466
08 21 01 000466
05 16 01 000466
f