01 09 01 000833
04 05 01 000833
08 20 01 000833
03 11 01 000833
07 18 01 000833
09 24 01 000835
02 10 01 000833
05 24 01 000833
04 17 01 000833
00 06 01 000833
01 07 01 000833
08 03 01 000835
04 14 01 000833
05 02 01 000833
03 19 01 000833
00 15 01 000833
06 04 01 000833
07 00 01 000835
01 06 01 000833
05 16 01 000833
08 23 01 000833
04 11 01 000833
03 18 01 000833
02 21 01 000835
00 12 01 000833
05 04 01 000833
09 20 01 000833
05 14 01 000833
06 02 01 000833
01 16 01 000835
01 09 01 000833
04 05 01 000833
08 20 01 000833
03 11 01 000833
07 18 01 000833
09 24 01 000835
f