03 17 01 00065
08 19 01 00065
05 02 01 00065
01 21 01 00065
07 14 01 00065
09 08 01 00065
02 23 01 00065
06 11 01 00065
04 16 01 00065
00 05 01 00065
08 20 01 00065
05 13 01 00065
02 18 01 00065
07 09 01 00065
01 22 01 00065
06 15 01 00065
03 07 01 00065
09 22 01 00065
04 10 01 00065
00 12 01 00065
07 19 01 00065
02 06 01 00065
08 21 01 00065
05 14 01 00065
01 08 01 00065
06 22 01 00065
03 16 01 00065
09 11 01 00065
04 23 01 00065
00 07 01 00065
07 18 01 00065
02 12 01 00065
08 20 01 00065
05 15 01 00065
01 09 01 00065
06 21 01 00065
03 17 01 00065
09 10 01 00065
04 22 01 00065
00 06 01 00065
07 13 01 00065
02 19 01 00065
08 16 01 00065
05 07 01 00065
01 22 01 00065
06 14 01 00065
03 08 01 00065
09 23 01 00065
04 11 01 00065
00 17 01 00065
07 12 01 00065
02 18 01 00065
08 21 01 00065
05 16 01 00065
01 07 01 00065
06 22 01 00065
03 19 01 00065
09 14 01 00065
04 20 01 00065
00 10 01 00065
07 17 01 00065
02 13 01 00065
08 18 01 00065
05 09 01 00065
01 23 01 00065
06 15 01 00065
03 06 01 00065
09 22 01 00065
04 12 01 00065
00 19 01 00065
07 14 01 00065
02 17 01 00065
08 20 01 00065
05 13 01 00065
01 08 01 00065
06 21 01 00065
03 16 01 00065
09 11 01 00065
04 23 01 00065
00 07 01 00065
07 19 01 00065
02 12 01 00065
08 21 01 00065
05 15 01 00065
01 09 01 00065
06 22 01 00065
03 17 01 00065
09 10 01 00065
04 22 01 00065
00 06 01 00065
07 13 01 00065
02 19 01 00065
08 16 01 00065
05 07 01 00065
01 22 01 00065
06 14 01 00065
03 08 01 00065
09 23 01 00065
04 11 01 00065
00 17 01 00065
f