07 14 01 005
02 03 01 005
05 22 01 005
00 10 01 005
08 07 01 005
03 19 01 005
06 01 01 005
01 20 01 005
04 12 01 005
09 06 01 005
02 17 01 005
05 00 01 005
00 23 01 005
08 13 01 005
03 08 01 005
06 20 01 005
01 11 01 005
04 04 01 005
09 23 01 005
02 09 01 005
05 16 01 005
00 02 01 005
08 21 01 005
03 14 01 005
06 07 01 005
01 22 01 005
04 10 01 005
09 05 01 005
02 18 01 005
05 03 01 005
00 20 01 005
08 12 01 005
03 06 01 005
06 19 01 005
04 20 01 005
09 13 01 005
02 08 01 005
05 23 01 005
00 16 01 005
08 04 01 005
03 11 01 005
06 23 01 005
01 14 01 005
04 07 01 005
09 22 01 005
02 10 01 005
05 05 01 005
00 17 01 005
08 02 01 005
03 21 01 005
06 12 01 005
01 06 01 005
04 19 01 005
09 03 01 005
02 20 01 005
05 13 01 005
00 08 01 005
08 20 01 005
03 16 01 005
06 04 01 005
01 23 01 005
04 10 01 005
09 07 01 005
02 18 01 005
05 01 01 005
00 23 01 0025
08 12 01 0025
03 06 01 0025
06 19 01 0025
01 00 01 0025
04 20 01 0025
09 13 01 0025
02 08 01 0025
05 23 01 0025
00 16 01 0025
08 04 01 0025
03 11 01 0025
06 23 01 0025
01 14 01 0025
04 07 01 0025
09 22 01 0025
02 10 01 0025
05 05 01 0025
00 17 01 0025
08 02 01 0025
03 21 01 0025
06 12 01 0025
01 06 01 0025
04 19 01 0025
09 03 01 0025
02 20 01 0025
05 13 01 0025
00 08 01 0025
08 20 01 0025
03 16 01 0025
06 04 01 0025
01 23 01 0025
04 10 01 0025
09 07 01 0025
02 18 01 0025
05 01 01 0025
00 23 01 0025
08 12 01 0025
03 06 01 0025
06 19 01 0025
01 00 01 0025
04 20 01 0025
09 13 01 0025
02 08 01 0025
05 23 01 0025
00 16 01 0025
08 04 01 0025
03 11 01 0025
06 23 01 0025
01 14 01 0025
04 07 01 0025
09 22 01 0025
02 10 01 0025
05 05 01 0025
00 17 01 0025
08 02 01 0025
03 21 01 0025
06 12 01 0025
01 06 01 0025
04 19 01 0025
09 03 01 0025
02 20 01 0025
05 13 01 0025
00 08 01 0025
08 20 01 0025
03 16 01 0025
06 04 01 0025
01 23 01 0025
04 10 01 0025
09 07 01 0025
02 18 01 0025
05 01 01 0025
00 23 01 0025
08 12 01 0025
03 06 01 0025
06 19 01 0025
01 00 01 0025
04 20 01 0025
09 13 01 0025
02 08 01 0025
05 23 01 0025
00 16 01 0025
08 04 01 0025
03 11 01 0025
06 23 01 0025
01 14 01 0025
04 07 01 0025
09 22 01 0025
02 10 01 0025
05 05 01 0025
00 17 01 0025
08 02 01 0025
03 21 01 0025
06 12 01 0025
01 06 01 0025
04 19 01 0025
09 03 01 0025
02 20 01 0025
05 13 01 0025
00 08 01 0025
08 20 01 005
03 16 01 005
06 04 01 005
01 23 01 005
04 10 01 005
09 07 01 005
02 18 01 005
05 01 01 005
00 23 01 005
08 12 01 005
03 06 01 005
06 19 01 005
01 00 01 005
04 20 01 005
09 13 01 005
02 08 01 005
05 23 01 005
00 16 01 005
08 04 01 005
03 11 01 005
06 23 01 005
01 14 01 005
04 07 01 005
09 22 01 005
02 10 01 005
05 05 01 005
00 17 01 005
08 02 01 005
03 21 01 005
06 12 01 005
01 06 01 005
04 19 01 005
09 06 01 005
02 17 01 005
05 00 01 005
00 23 01 005
08 13 01 005
03 08 01 005
06 20 01 005
01 11 01 005
04 04 01 005
09 23 01 005
07 14 01 005
02 03 01 005
05 22 01 005
00 10 01 005
08 07 01 005
03 19 01 005
03 16 01 005
06 04 01 005
01 23 01 005
04 10 01 005
09 07 01 005
02 18 01 005
05 01 01 005
00 23 01 005
05 21 01 005
00 16 01 005
08 04 01 005
03 11 01 005
06 23 01 005
01 14 01 005
04 07 01 005
09 01 01 005
02 23 01 005
f