03 17 01 000576
08 19 01 000576
05 02 01 000576
01 21 01 000576
07 14 01 000576
09 08 01 000576
02 23 01 000576
06 11 01 000576
04 16 01 000576
00 05 01 000576
08 20 01 000576
05 13 01 000576
02 18 01 000576
07 09 01 000576
01 22 01 000576
06 15 01 000576
03 07 01 000576
09 24 01 000576
04 10 01 000576
00 12 01 000576
07 19 01 000576
02 06 01 000576
08 21 01 000576
05 14 01 000576
01 08 01 000576
06 22 01 000576
03 16 01 000576
09 11 01 000576
04 23 01 000576
00 07 01 000576
07 18 01 000576
02 12 01 000576
08 20 01 000576
05 15 01 000576
01 09 01 000576
06 21 01 000576
03 17 01 000576
09 10 01 000576
04 24 01 000576
00 06 01 000576
07 13 01 000576
02 19 01 000576
08 16 01 000576
05 07 01 000576
01 22 01 000576
06 14 01 000576
03 08 01 000576
09 23 01 000576
04 11 01 000576
00 17 01 000576
07 12 01 000576
02 18 01 000576
08 21 01 000576
05 16 01 000576
01 07 01 000576
06 22 01 000576
03 19 01 000576
09 14 01 000576
04 20 01 000576
00 10 01 000576
07 17 01 000576
02 13 01 000576
08 18 01 000576
05 09 01 000576
01 23 01 000576
06 15 01 000576
03 06 01 000576
09 22 01 000576
04 12 01 000576
00 19 01 000576
07 14 01 000576
02 17 01 000576
08 20 01 000576
05 13 01 000576
01 08 01 000576
06 21 01 000576
03 16 01 000576
09 11 01 000576
04 23 01 000576
00 07 01 000576
07 19 01 000576
02 12 01 000576
08 21 01 000576
05 15 01 000576
01 09 01 000576
06 22 01 000576
03 17 01 000576
09 10 01 000576
04 24 01 000576
00 06 01 000576
07 13 01 000576
02 19 01 000576
08 16 01 000576
05 07 01 000576
01 22 01 000576
06 14 01 000576
03 08 01 000576
03 22 01 000576
07 19 01 000576
02 12 01 000576
08 21 01 000576
05 15 01 000576
01 09 01 000576
06 22 01 000576
03 17 01 000576
09 10 01 000576
04 24 01 000576
00 06 01 000576
07 13 01 000576
02 19 01 000576
08 16 01 000576
01 23 01 000576
06 15 01 000576
03 06 01 000576
09 22 01 000576
04 12 01 000576
05 02 01 000576
01 21 01 000576
07 14 01 000576
09 08 01 000576
02 23 01 000576
06 11 01 000576
04 16 01 000576
00 05 01 000576
02 13 01 000576
f